,0.2800000011920929,0.30000001192092896,0.5500001311302185,0.7000001668930054,0.8500001430511475,1.0000001192092896,1.1500000953674316,1.3000000715255737,1.4500000476837158,1.600000023841858,1.75,1.999999761581421,2.5,3.0,3.5,
800.0,14.7,14.7,14.7,14.7,14.7,14.7,14.7,14.7,14.7,14.7,14.7,14.7,14.7,14.7,14.041791044776119,
1200.0,14.7,14.7,14.7,14.7,14.7,14.7,14.7,14.7,14.7,14.7,14.7,14.7,14.7,14.7,14.7,
1600.0,14.7,14.7,14.7,14.7,14.7,14.7,14.7,14.7,14.7,14.7,14.7,14.7,14.7,14.7,14.7,
2000.0,11.334939759036144,14.7,14.7,14.7,14.7,13.734306569343065,13.34468085106383,13.066666666666666,12.97655172413793,12.887671232876711,12.543999999999999,12.97655172413793,12.97655172413793,12.97655172413793,12.97655172413793,
2400.0,11.334939759036144,14.7,14.7,14.7,14.7,13.734306569343065,13.34468085106383,13.066666666666666,12.97655172413793,12.887671232876711,12.543999999999999,11.2,11.2,11.2,11.2,
2800.0,11.334939759036144,14.7,14.7,14.7,14.7,13.734306569343065,13.34468085106383,13.066666666666666,12.97655172413793,12.799999999999999,12.139354838709677,11.2,11.2,11.2,11.2,
3200.0,11.334939759036144,14.7,14.7,14.7,14.7,13.734306569343065,13.34468085106383,12.97655172413793,12.97655172413793,12.543999999999999,12.061538461538461,11.2,11.2,11.2,11.2,
3600.0,11.334939759036144,14.7,14.7,14.7,14.7,13.734306569343065,13.34468085106383,12.97655172413793,12.97655172413793,12.46092715231788,11.984713375796177,11.2,11.2,11.2,11.2,
4000.0,11.334939759036144,14.7,14.7,14.7,14.7,13.734306569343065,13.34468085106383,12.97655172413793,12.46092715231788,12.218181818181817,11.833962264150943,11.2,11.2,11.2,11.2,
4400.0,11.334939759036144,14.7,14.7,14.7,12.97655172413793,12.713513513513513,12.46092715231788,12.218181818181817,11.984713375796177,11.76,11.543558282208588,11.2,11.2,11.2,11.2,
4800.0,11.334939759036144,13.634782608695652,13.250704225352113,12.97655172413793,12.799999999999999,12.543999999999999,12.298039215686273,12.139354838709677,11.90886075949367,11.76,11.543558282208588,11.2,11.2,11.2,11.2,
5200.0,12.97655172413793,13.634782608695652,13.250704225352113,12.97655172413793,12.799999999999999,12.543999999999999,12.298039215686273,12.139354838709677,11.90886075949367,11.76,11.543558282208588,11.2,11.2,11.2,11.2,
5600.0,12.97655172413793,13.34468085106383,12.543999999999999,12.061538461538461,11.614814814814814,11.2,11.2,11.2,11.2,11.2,11.2,11.2,11.2,11.2,11.2,
6000.0,12.97655172413793,13.34468085106383,12.543999999999999,12.061538461538461,11.614814814814814,11.2,11.2,11.2,11.2,11.2,11.2,11.2,11.2,11.2,11.2,
6400.0,12.97655172413793,13.250704225352113,12.46092715231788,12.061538461538461,11.614814814814814,11.2,11.2,11.2,11.2,11.2,11.2,11.2,11.2,11.2,11.2,
6800.0,12.97655172413793,13.250704225352113,12.46092715231788,12.061538461538461,11.614814814814814,11.2,11.2,11.2,11.2,11.2,11.2,11.2,11.2,11.2,11.2,
7200.0,13.734306569343065,13.250704225352113,12.46092715231788,12.061538461538461,11.614814814814814,11.2,11.2,11.2,11.2,11.2,11.2,11.2,11.2,11.2,11.2,
7600.0,13.734306569343065,13.250704225352113,12.46092715231788,12.061538461538461,11.614814814814814,11.2,11.2,11.2,11.2,11.2,11.2,11.2,11.2,11.2,11.2,
